892 270 153 98
831 235 118 98
831 235 118 94
708 235 115 94
708 235 115 89
708 235 115 89
705 232 115 89
705 224 115 89
705 219 115 89
705 219 115 89
705 216 115 89
705 216 115 89
689 216 115 89
689 216 115 89
682 216 112 89
682 213 112 89
662 213 112 89
662 213 112 89
662 213 112 89
662 213 112 89
662 198 112 89
662 198 112 89
662 198 112 89
662 198 112 89
662 198 112 89
662 198 112 89
662 198 112 89
662 198 112 89
646 198 112 89
646 198 103 89
637 198 103 89
637 198 103 89
637 198 103 89
637 198 103 89
637 198 103 89
637 198 103 89
637 198 103 89
637 198 103 89
637 198 103 89
637 198 103 89
626 198 103 89
622 198 103 89
622 198 103 89
622 198 103 89
622 198 103 89
613 198 103 89
611 198 103 89
611 198 103 89
611 198 103 89
611 198 103 89
611 198 103 89
611 198 103 89
611 198 103 89
611 198 103 89
611 198 103 89
611 198 103 89
611 198 103 89
611 198 103 89
611 198 103 89
611 198 103 89
611 198 103 89
611 198 103 89
611 198 103 89
611 198 103 89
611 198 103 89
604 198 103 89
604 198 103 89
604 198 103 89
604 198 103 89
604 198 103 89
604 198 103 89
604 198 103 89
604 198 103 89
604 198 103 89
604 198 103 89
604 198 103 89
604 198 103 89
604 198 103 89
604 198 103 89
604 198 103 89
604 198 103 89
604 198 103 89
604 198 103 89
604 198 103 89
604 198 103 89
604 198 103 89
604 198 103 89
604 198 101 89
604 198 101 89
604 198 101 89
604 198 101 89
604 198 101 89
604 198 101 89
604 198 101 89
604 198 101 89
583 197 101 89
580 197 101 88
580 197 101 88
580 197 101 88
580 197 101 88
580 197 101 88
580 197 101 88
572 197 101 88
572 197 101 88
572 197 101 88
572 197 101 88
572 197 101 88
572 197 101 88
572 197 101 88
572 197 101 88
572 197 101 88
572 197 101 88
572 197 101 88
572 197 101 88
544 197 101 88
544 196 101 88
544 196 101 88
544 196 101 88
544 196 101 88
541 196 101 88
541 196 101 88
541 196 101 88
541 196 101 88
541 196 101 88
541 196 101 88
541 196 101 88
541 196 101 88
541 196 101 88
541 196 101 88
541 196 101 88
541 196 101 88
541 196 101 88
541 196 101 88
529 196 101 88
529 196 101 88
529 196 101 88
529 196 101 88
529 196 101 88
529 196 101 88
529 196 101 88
529 196 101 88
529 196 101 88
529 196 101 88
529 196 101 88
529 196 101 88
529 196 101 88
529 196 101 88
529 196 101 88
529 196 101 88
529 196 101 88
529 196 101 88
529 196 101 88
529 196 101 88
529 196 101 88
529 196 101 88
529 196 101 88
529 196 101 88
529 196 101 88
517 196 101 88
517 196 101 88
517 196 101 88
517 196 101 88
517 196 101 88
517 196 101 88
517 195 101 88
517 195 101 88
517 195 101 88
517 195 101 88
514 195 101 88
514 195 101 88
514 195 101 88
514 195 101 88
514 195 101 88
514 195 101 88
514 195 101 88
514 195 101 88
514 195 101 88
514 195 101 88
514 195 101 88
509 195 101 88
509 195 101 88
509 195 101 88
509 195 101 88
509 195 101 88
509 195 101 88
509 195 101 88
509 195 101 88
509 195 101 88
509 195 101 88
509 195 101 88
509 195 101 88
509 195 101 88
509 195 101 88
509 195 101 88
509 195 101 88
509 195 101 88
509 195 101 88
509 195 101 86
509 195 101 86
509 195 101 86
509 195 101 86
509 195 101 86
509 195 101 86
509 195 101 86
497 195 101 86
497 195 101 86
497 195 101 86
497 195 101 86
497 195 101 86
497 195 101 86
497 195 101 86
497 195 101 86
497 195 101 86
497 195 101 86
497 195 101 86
494 195 101 86
494 195 101 86
482 195 101 86
482 195 101 86
482 195 101 86
482 195 101 86
482 195 101 86
482 195 101 86
482 195 101 86
482 195 101 86
482 195 101 86
482 195 101 86
482 195 101 86
482 195 101 86
482 195 101 86
479 195 101 86
479 195 101 86
479 195 101 86
479 195 101 86
479 195 101 86
479 195 101 86
479 195 101 86
479 195 101 86
479 192 101 86
479 192 101 86
479 192 101 86
479 192 101 86
479 192 101 86
479 192 101 86
479 192 101 86
479 192 101 86
479 192 98 86
479 192 98 86
479 192 98 86
479 192 98 86
479 192 98 86
479 192 98 86
479 192 98 86
464 192 98 86
464 192 98 86
464 192 98 86
464 192 98 86
464 192 98 86
463 192 98 86
463 192 98 86
463 192 98 86
463 192 98 86
463 192 98 86
463 192 98 86
463 192 98 86
463 192 98 86
463 192 98 86
463 192 98 86
463 192 98 86
463 192 98 86
463 192 98 86
463 192 98 86
463 192 98 86
463 192 98 86
463 192 98 86
463 192 98 86
463 192 98 86
463 192 98 86
463 192 98 86
463 192 98 86
463 192 98 86
463 192 98 86
463 192 98 86
463 192 98 86
463 192 98 86
463 192 98 86
463 192 98 86
463 192 98 86
463 192 98 86
463 192 98 86
463 192 98 86
463 192 98 86
451 192 98 86
451 192 98 86
451 192 98 86
451 192 98 86
451 192 98 86
451 192 98 86
451 192 98 86
451 192 98 86
451 192 98 86
451 192 98 86
451 192 98 86
451 181 98 86
451 181 98 86
451 181 98 86
451 181 98 86
451 181 98 86
451 181 98 86
451 181 98 86
451 181 98 86
451 181 98 86
451 181 98 86
451 181 98 86
451 181 98 86
451 181 98 86
451 181 98 86
451 181 98 86
451 181 98 86
451 181 98 86
451 181 98 86
451 181 98 86
451 181 98 86
451 181 98 86
444 181 98 86
444 181 98 86
444 181 98 86
444 181 98 86
444 181 98 86
444 181 98 86
444 181 98 86
444 181 98 86
444 181 98 86
444 181 98 86
444 181 98 86
444 181 98 86
444 181 98 86
444 181 98 86
444 181 98 86
444 181 98 86
444 181 98 86
444 181 98 86
444 181 98 86
444 181 98 86
444 181 98 86
444 181 98 86
444 181 98 86
444 181 98 86
444 181 98 86
439 181 98 86
439 181 98 86
439 181 98 86
439 181 98 86
439 181 98 86
439 181 98 86
439 181 98 86
439 181 98 86
439 181 98 86
439 181 98 86
439 181 98 86
439 181 98 86
436 181 98 86
436 181 98 86
436 181 98 86
436 181 98 86
436 181 98 86
436 181 98 86
436 181 98 86
436 181 98 86
436 181 98 86
429 181 98 86
429 181 98 86
429 181 98 86
429 181 98 86
429 181 98 86
429 181 98 86
429 181 98 86
429 181 98 86
429 181 98 86
429 181 98 86
429 181 98 86
429 181 98 86
429 181 98 86
429 181 98 86
429 181 98 86
429 181 98 86
429 181 98 86
429 181 98 86
429 181 98 86
429 181 98 86
429 181 98 86
429 181 98 86
429 181 98 86
429 181 98 86
429 181 98 86
429 181 98 86
429 181 98 86
429 181 98 86
429 181 98 86
429 181 98 86
429 181 98 86
429 181 98 86
429 181 98 86
429 181 98 86
429 181 98 86
429 181 98 86
429 181 98 86
429 181 98 86
427 181 98 86
427 181 98 80
427 181 98 80
427 178 98 80
427 178 98 80
427 178 98 80
427 178 98 80
427 178 98 80
427 178 98 80
427 178 98 80
427 178 98 80
427 178 98 80
427 178 98 80
427 178 98 80
427 178 98 80
415 178 98 80
415 178 98 80
415 178 98 80
415 178 98 80
415 178 98 80
415 178 98 80
415 178 98 80
415 178 98 80
415 178 98 80
415 178 98 80
415 178 98 80
415 178 98 80
415 178 98 80
415 178 98 80
415 178 98 80
415 178 98 80
415 178 98 80
415 178 98 80
415 178 98 80
415 178 98 80
415 178 98 80
415 178 98 80
415 178 98 80
415 178 98 80
415 178 98 80
415 178 98 80
415 178 98 80
415 178 98 80
415 178 98 80
415 178 98 80
407 178 98 80
407 178 98 80
407 178 98 80
407 178 98 80
407 178 98 80
407 178 98 80
407 178 98 80
407 178 98 80
407 178 98 80
407 178 98 80
407 178 98 80
407 178 98 80
407 178 98 80
407 178 98 80
407 178 98 80
407 178 98 80
407 178 98 80
407 178 98 80
407 178 98 80
407 178 98 80
407 178 98 80
407 178 98 80
407 178 98 80
407 178 98 80
407 178 98 80
407 178 98 80
407 178 98 80
407 178 98 80
407 178 98 80
407 178 98 80
407 178 98 80
407 178 98 80
407 178 98 80
407 178 98 80
407 178 98 80
407 178 98 80
407 178 98 80
407 178 98 80
407 178 98 80
407 178 98 80
407 178 98 80
407 178 98 80
407 178 98 80
407 178 98 80
407 178 98 80
407 178 98 80
407 178 98 80
