0.002512 0.022289 0.218619 2.139640
0.002391 0.022326 0.216432 2.139243
0.002432 0.022516 0.217177 2.149206
0.002575 0.024885 0.215307 2.121787
0.002388 0.022489 0.217106 2.128012
0.002408 0.022018 0.212631 2.125971
0.002342 0.022117 0.213605 2.123391
0.002727 0.021912 0.212254 2.141722
0.002617 0.022278 0.214526 2.135360
0.002379 0.022283 0.216389 2.126804
0.002411 0.022003 0.215513 2.128606
0.002457 0.021930 0.217065 2.157508
0.002425 0.022116 0.217280 2.129516
0.002502 0.021960 0.223573 2.123905
0.002300 0.022148 0.219620 2.127115
0.002402 0.022305 0.213344 2.143305
0.002357 0.022169 0.216613 2.134621
0.002335 0.022271 0.214216 2.140256
0.002344 0.021838 0.214926 2.131092
0.002669 0.022066 0.214236 2.135510
0.002514 0.021915 0.216384 2.126077
0.002413 0.022031 0.213203 2.122631
0.002415 0.022140 0.214527 2.134990
0.002475 0.022253 0.218270 2.124543
0.002391 0.022095 0.213189 2.121898
0.002345 0.021928 0.213535 2.134636
0.002282 0.022021 0.214125 2.136277
0.002293 0.022267 0.213067 2.140686
0.002352 0.022341 0.217898 2.121314
0.002292 0.022032 0.218606 2.145638
0.002372 0.023122 0.215687 2.147425
0.002330 0.022122 0.214367 2.139034
0.002343 0.022116 0.212210 2.122362
0.002388 0.022229 0.213947 2.125926
0.002320 0.021885 0.213818 2.127213
0.002388 0.021954 0.211590 2.117599
0.002392 0.021853 0.214034 2.116951
0.002321 0.022237 0.214664 2.133455
0.002405 0.021888 0.215193 2.127467
0.002441 0.022034 0.214164 2.122052
0.002404 0.022079 0.215058 2.123316
0.002411 0.022314 0.214975 2.139738
0.002455 0.022075 0.213310 2.118763
0.002421 0.021854 0.216365 2.133217
0.002453 0.023396 0.213780 2.117756
0.002365 0.021915 0.214477 2.129945
0.002358 0.021920 0.215670 2.125484
0.002406 0.022206 0.218706 2.125168
0.002360 0.024048 0.213103 2.125531
0.002341 0.021840 0.213846 2.128051
0.002315 0.022719 0.219207 2.124586
0.002357 0.022413 0.215878 2.135894
0.002308 0.022099 0.217603 2.138301
0.002330 0.022199 0.215716 2.118717
0.002307 0.022110 0.213874 2.129183
0.002419 0.022205 0.219075 2.138282
0.002427 0.024553 0.235022 2.115807
0.002327 0.022542 0.232384 2.130132
0.002318 0.022587 0.221194 2.150790
0.002372 0.022536 0.216981 2.120925
0.002366 0.022420 0.215367 2.157443
0.002376 0.022166 0.217707 2.131403
0.002351 0.022481 0.213504 2.176107
0.002399 0.022048 0.218377 2.146296
0.002406 0.021897 0.219308 2.123821
0.002291 0.022100 0.216415 2.126586
0.002361 0.021974 0.216460 2.119448
0.002386 0.022656 0.221888 2.125515
0.002331 0.022158 0.214179 2.122381
0.002294 0.022317 0.215105 2.113517
0.002469 0.022204 0.230015 2.119197
0.003042 0.022064 0.223250 2.118471
0.002453 0.022969 0.215848 2.141308
0.002385 0.021972 0.215452 2.128286
0.002356 0.022197 0.214416 2.125052
0.002282 0.021945 0.217133 2.123479
0.002309 0.022602 0.215128 2.129113
0.002382 0.022520 0.214991 2.124569
0.002354 0.021983 0.215673 2.124565
0.002375 0.021964 0.214276 2.127372
0.002346 0.022644 0.216188 2.111099
0.002285 0.022459 0.216780 2.115023
0.002311 0.022246 0.213373 2.119655
0.002393 0.023176 0.218508 2.126608
0.002379 0.024297 0.217192 2.140842
0.002368 0.022428 0.215365 2.207187
0.002331 0.021619 0.216492 2.164952
0.002382 0.022153 0.211268 2.174041
0.002447 0.022205 0.213794 2.153547
0.002848 0.021903 0.213617 2.126020
0.002349 0.021887 0.214047 2.127589
0.002352 0.021903 0.213769 2.137141
0.002428 0.021888 0.212691 2.126981
0.002359 0.022237 0.213269 2.130303
0.002401 0.022000 0.213717 2.120118
0.002433 0.023597 0.216766 2.167546
0.002386 0.021864 0.213563 2.123205
0.002403 0.022063 0.213711 2.134722
0.002378 0.022158 0.215478 2.118484
0.002347 0.022106 0.214952 2.126890
0.002428 0.022241 0.214668 2.135280
0.002402 0.023218 0.218131 2.114656
0.002405 0.022842 0.213719 2.127904
0.002665 0.022138 0.212243 2.137503
0.002439 0.022359 0.215051 2.141507
0.002365 0.022207 0.212068 2.125147
0.002366 0.022202 0.214658 2.128354
0.002371 0.022207 0.214473 2.121941
0.002370 0.022224 0.214446 2.121742
0.002362 0.021959 0.214025 2.136533
0.002428 0.021684 0.213411 2.135927
0.002375 0.022298 0.212687 2.141953
0.002391 0.021985 0.213605 2.126862
0.002345 0.022317 0.215661 2.134716
0.002369 0.022175 0.213572 2.146034
0.002378 0.022200 0.217366 2.126929
0.002399 0.021925 0.213256 2.119400
0.002362 0.021968 0.211284 2.127108
0.002379 0.022532 0.215266 2.125789
0.002340 0.021801 0.213476 2.122370
0.002345 0.022018 0.214259 2.136239
0.002356 0.022030 0.213668 2.115263
0.002298 0.022077 0.213323 2.152591
0.002384 0.021950 0.216880 2.123688
0.002433 0.021996 0.213377 2.128885
0.002356 0.022101 0.213228 2.123859
0.002372 0.022570 0.215695 2.134856
0.002419 0.022040 0.214599 2.122451
0.002402 0.021893 0.217919 2.126061
0.002371 0.022342 0.215044 2.161089
0.002349 0.023119 0.212833 2.129060
0.002364 0.023530 0.212858 2.129662
0.002395 0.021865 0.214857 2.124923
0.002319 0.022152 0.213785 2.128803
0.002380 0.022453 0.216470 2.133451
0.002365 0.022217 0.211770 2.138177
0.002265 0.022316 0.217587 2.149694
0.002380 0.022262 0.214862 2.129094
0.002368 0.022172 0.214039 2.123884
0.002386 0.021998 0.212373 2.118175
0.002375 0.022095 0.223079 2.143129
0.002513 0.022236 0.216958 2.136655
0.002363 0.022037 0.215856 2.141761
0.002405 0.022120 0.213660 2.121047
0.002360 0.021875 0.214486 2.143884
0.002355 0.022319 0.212267 2.121428
0.002363 0.022248 0.220379 2.128169
0.002310 0.021734 0.212593 2.124104
0.002413 0.022942 0.214732 2.129379
0.002414 0.027908 0.213115 2.133031
0.002359 0.025420 0.213967 2.121096
0.002391 0.024470 0.218979 2.124602
0.002355 0.023772 0.214812 2.118695
0.002380 0.022571 0.214820 2.148308
0.002361 0.022298 0.213652 2.128933
0.002363 0.021914 0.213596 2.123230
0.002362 0.022112 0.212117 2.136870
0.002351 0.023313 0.215312 2.128779
0.002376 0.022257 0.213879 2.120565
0.002388 0.023580 0.216616 2.113857
0.002378 0.022097 0.215544 2.142939
0.002419 0.022093 0.213076 2.151719
0.002287 0.022300 0.212994 2.125796
0.002423 0.022145 0.214869 2.135305
0.002367 0.022069 0.215244 2.113420
0.002365 0.021759 0.215498 2.139567
0.002420 0.022141 0.213019 2.125029
0.002348 0.022117 0.219041 2.144376
0.002399 0.021906 0.214659 2.128568
0.002356 0.022171 0.215445 2.145775
0.002393 0.021631 0.215030 2.133795
0.002333 0.022471 0.213246 2.151195
0.002352 0.022491 0.215228 2.124593
0.002474 0.022214 0.213541 2.138370
0.002513 0.025175 0.213935 2.119124
0.002430 0.022158 0.215172 2.162152
0.002353 0.022101 0.218714 2.130841
0.002323 0.022082 0.213988 2.133279
0.002339 0.022079 0.228238 2.119114
0.002338 0.022870 0.214762 2.133126
0.002353 0.021943 0.214432 2.164660
0.002320 0.022403 0.213087 2.122874
0.002365 0.022118 0.212959 2.126452
0.002312 0.022075 0.215790 2.115204
0.002419 0.021949 0.214613 2.135755
0.002322 0.022602 0.218804 2.128224
0.002905 0.022671 0.216291 2.130862
0.002514 0.022316 0.218067 2.117549
0.002344 0.022208 0.214213 2.125506
0.002367 0.022028 0.215369 2.125085
0.002392 0.022481 0.213366 2.120965
0.002362 0.022096 0.217442 2.136136
0.002342 0.022306 0.213474 2.122003
0.002367 0.021900 0.210710 2.127680
0.002316 0.022270 0.215686 2.111345
0.002364 0.022262 0.213677 2.132268
0.002356 0.022100 0.216148 2.118237
0.002375 0.022363 0.213289 2.131721
0.002389 0.022368 0.213517 2.161343
0.002375 0.022062 0.212070 2.129355
0.002390 0.022179 0.213755 2.175567
0.002341 0.022133 0.214076 2.130844
0.002316 0.022394 0.218227 2.136565
0.002338 0.022136 0.213650 2.127417
0.002321 0.022428 0.214473 2.117649
0.002275 0.022237 0.216815 2.122195
0.002428 0.022022 0.215502 2.125415
0.002334 0.021659 0.212504 2.122564
0.002342 0.022276 0.214342 2.130472
0.002345 0.022704 0.216826 2.125901
0.002386 0.021989 0.212843 2.124902
0.002362 0.022146 0.217436 2.135661
0.002358 0.022211 0.213413 2.131271
0.002346 0.024378 0.213271 2.124743
0.002360 0.023582 0.212376 2.124560
0.002355 0.022359 0.215062 2.138897
0.002348 0.022306 0.213532 2.117796
0.002345 0.022153 0.213909 2.120038
0.002345 0.022208 0.213367 2.115279
0.002398 0.022379 0.213390 2.142239
0.002406 0.021863 0.212187 2.153784
0.002454 0.022241 0.212952 2.132629
0.002388 0.022190 0.213658 2.129349
0.002372 0.022249 0.213917 2.133107
0.002325 0.021872 0.216236 2.142794
0.002353 0.022071 0.213943 2.143228
0.002280 0.021979 0.213173 2.145017
0.002322 0.021929 0.213090 2.132826
0.002387 0.022081 0.213804 2.123697
0.002302 0.022346 0.215107 2.126832
0.002374 0.022527 0.211507 2.140627
0.002351 0.022426 0.214559 2.121740
0.002276 0.022088 0.215738 2.143504
0.002344 0.022455 0.215083 2.127195
0.002310 0.022178 0.213762 2.133298
0.002389 0.022542 0.212362 2.140950
0.002279 0.022227 0.211940 2.119418
0.002334 0.022425 0.211862 2.118790
0.002370 0.021989 0.214943 2.124274
0.002323 0.022068 0.212937 2.137017
0.002305 0.022247 0.217143 2.133034
0.002372 0.022503 0.226800 2.136448
0.002365 0.021948 0.217693 2.123463
0.002326 0.022166 0.214076 2.132254
0.002318 0.022342 0.212332 2.121591
0.002290 0.021861 0.214600 2.123984
0.002354 0.022295 0.218967 2.136360
0.002419 0.025031 0.213959 2.128132
0.002447 0.022334 0.230716 2.140968
0.002382 0.022159 0.214286 2.123474
0.002400 0.022181 0.215108 2.129913
0.002346 0.022168 0.213857 2.131099
0.002332 0.022424 0.214390 2.133977
0.002315 0.022496 0.211061 2.126852
0.002403 0.022245 0.213378 2.135247
0.002327 0.022198 0.213947 2.133783
0.002300 0.022152 0.213759 2.137821
0.002328 0.022118 0.229470 2.133932
0.002375 0.021987 0.214031 2.121757
0.002386 0.022216 0.213609 2.121969
0.002373 0.022204 0.221256 2.126855
0.002318 0.022411 0.215847 2.135241
0.002335 0.022384 0.216104 2.152369
0.002359 0.022070 0.213363 2.136035
0.002351 0.021801 0.213598 2.152279
0.002325 0.021861 0.216480 2.126002
0.002330 0.022304 0.213413 2.133094
0.002376 0.022398 0.211905 2.129823
0.002383 0.023513 0.213716 2.141145
0.002370 0.022569 0.214182 2.140730
0.002342 0.022203 0.215360 2.132973
0.002413 0.022180 0.222430 2.129502
0.002371 0.022309 0.211424 2.131374
0.002346 0.021875 0.213666 2.117899
0.002372 0.022208 0.214406 2.136340
0.002328 0.022865 0.215896 2.118881
0.002371 0.022401 0.211928 2.148013
0.002360 0.021930 0.212514 2.134582
0.002312 0.022373 0.214997 2.136712
0.002468 0.022526 0.214623 2.117792
0.002443 0.021926 0.214368 2.127145
0.002384 0.021948 0.216450 2.132902
0.002337 0.023928 0.216419 2.154281
0.002410 0.024078 0.214896 2.127956
0.002445 0.022131 0.213449 2.128290
0.002404 0.021981 0.213824 2.120752
0.002313 0.022002 0.215384 2.128524
0.002380 0.022696 0.219029 2.117413
0.002348 0.024789 0.214779 2.119096
0.002335 0.023934 0.216398 2.116187
0.002283 0.021998 0.219047 2.139287
0.002421 0.022531 0.212578 2.113657
0.002402 0.022121 0.213172 2.120460
0.002351 0.023900 0.214078 2.125189
0.002350 0.022111 0.213523 2.127230
0.002305 0.021958 0.213970 2.118438
0.002325 0.021821 0.215884 2.125359
0.002341 0.021984 0.213367 2.119283
0.002322 0.022284 0.216957 2.131810
0.002365 0.022209 0.213017 2.126057
0.002419 0.022488 0.213105 2.130168
0.002361 0.021906 0.213591 2.135082
0.002348 0.022073 0.218617 2.133183
0.002368 0.021785 0.215343 2.119342
0.002413 0.021889 0.215112 2.159317
0.002379 0.022125 0.213195 2.167153
0.002392 0.022377 0.215028 2.121535
0.002323 0.022422 0.213837 2.142039
0.002378 0.022438 0.218359 2.130122
0.002336 0.023057 0.217822 2.141789
0.002344 0.022183 0.213642 2.148175
0.002363 0.022110 0.214194 2.145097
0.002299 0.021994 0.225719 2.136855
0.002425 0.022270 0.213296 2.119827
0.002378 0.021967 0.213852 2.212503
0.002369 0.022208 0.213077 2.481510
0.002322 0.024410 0.211999 2.479662
0.002413 0.022419 0.218128 2.205246
0.002343 0.021894 0.214027 2.206676
0.002364 0.022169 0.213283 2.200517
0.002404 0.021990 0.214070 2.177782
0.002330 0.021941 0.213131 2.155140
0.002413 0.022429 0.213068 2.170275
0.002343 0.022505 0.212717 2.224227
0.002340 0.022108 0.223106 2.285770
0.002272 0.022201 0.225029 2.162165
0.002424 0.022343 0.214080 2.168721
0.002382 0.021852 0.213516 2.151567
0.002376 0.023866 0.213877 2.190460
0.002353 0.021928 0.217773 2.218011
0.002363 0.022232 0.215159 2.278542
0.002409 0.021716 0.224089 2.218659
0.002377 0.021780 0.221441 2.156140
0.002369 0.022170 0.216863 2.142785
0.002370 0.022108 0.213595 2.168941
0.002399 0.022150 0.218334 2.214675
0.002439 0.021780 0.219276 2.193540
0.002353 0.022109 0.214010 2.189327
0.002472 0.022289 0.219260 2.191925
0.002370 0.021931 0.220689 2.195267
0.002344 0.022236 0.217557 2.214936
0.002369 0.021878 0.219323 2.210006
0.002394 0.022292 0.220046 2.212495
0.002344 0.022279 0.219571 2.170953
0.002371 0.022116 0.219864 2.187684
0.002454 0.023852 0.214664 2.242563
0.002292 0.021814 0.215221 2.291563
0.002343 0.022034 0.219439 2.166527
0.002383 0.022181 0.214337 2.153431
0.002423 0.022269 0.214828 2.174617
0.002366 0.023151 0.216482 2.177147
0.002337 0.022213 0.213107 2.197329
0.002375 0.022106 0.214434 2.163469
0.002308 0.022020 0.218080 2.173877
0.002395 0.022093 0.213640 2.174806
0.002351 0.022048 0.212746 2.174941
0.002374 0.022390 0.216263 2.158857
0.002432 0.021969 0.214588 2.194835
0.002414 0.022318 0.213316 2.174388
0.002316 0.022268 0.213361 2.176608
0.002378 0.022959 0.213767 2.190600
0.002355 0.022092 0.213290 2.190797
0.002396 0.022061 0.213124 2.192103
0.002332 0.022066 0.214045 2.196747
0.002365 0.022021 0.212759 2.215902
0.002383 0.022637 0.213497 2.190733
0.002355 0.021980 0.214629 2.197038
0.002406 0.022235 0.217621 2.154628
0.002432 0.022440 0.214988 2.247923
0.002387 0.022595 0.214001 2.202586
0.002335 0.022156 0.214409 2.194685
0.002340 0.022239 0.214046 2.211568
0.002386 0.021983 0.216355 2.167396
0.002413 0.021998 0.215118 2.141785
0.002367 0.021784 0.212566 2.148481
0.002358 0.022026 0.213008 2.143231
0.002368 0.022201 0.216940 2.180647
0.002368 0.022598 0.213674 2.219177
0.002368 0.023966 0.212862 2.222202
0.002428 0.022213 0.215622 2.326287
0.002337 0.021698 0.216386 2.167128
0.002293 0.022366 0.212777 2.178392
0.002364 0.022252 0.213256 2.161128
0.002405 0.022092 0.218570 2.354556
0.002527 0.022069 0.216029 2.208471
0.002343 0.022875 0.217124 2.170316
0.002394 0.024157 0.215138 2.259436
0.002326 0.023326 0.213533 2.166732
0.002331 0.023361 0.213689 2.210708
0.002346 0.022979 0.215016 2.226121
0.002421 0.024276 0.216243 2.291321
0.002354 0.024266 0.216212 2.175373
0.002340 0.026293 0.213813 2.160267
0.002389 0.026220 0.214327 2.141927
0.002316 0.024398 0.215094 2.133015
0.002362 0.024247 0.214909 2.156057
0.002387 0.021757 0.214909 2.131010
0.002255 0.021848 0.213180 2.133678
0.002376 0.022484 0.215484 2.147501
0.002290 0.022782 0.215991 2.119954
0.002430 0.024518 0.216413 2.141958
0.002305 0.024284 0.213915 2.155511
0.002379 0.022221 0.216931 2.165986
0.002325 0.022617 0.212782 2.127184
0.002278 0.022928 0.212833 2.125131
0.002338 0.024359 0.216884 2.136993
0.002459 0.023430 0.214172 2.140643
0.002325 0.022737 0.215644 2.132267
0.002406 0.022631 0.214786 2.179117
0.002463 0.022190 0.213630 2.141966
0.002330 0.023563 0.214605 2.152505
0.002335 0.022338 0.216039 2.151803
0.002363 0.022649 0.216450 2.151365
0.002330 0.021766 0.214353 2.129635
0.002333 0.022627 0.214371 2.123131
0.002312 0.022272 0.213519 2.135639
0.002342 0.022318 0.213103 2.152065
0.002378 0.021992 0.214249 2.133420
0.002300 0.022350 0.217402 2.144305
0.002388 0.022204 0.213805 2.230013
0.002392 0.022391 0.213469 2.192541
0.002331 0.022106 0.214893 2.126237
0.002377 0.022088 0.213196 2.134178
0.002392 0.021873 0.214606 2.132002
0.002338 0.022005 0.216670 2.164148
0.002367 0.022431 0.215031 2.194018
0.002291 0.022296 0.214433 2.217009
0.002397 0.022232 0.217242 2.183880
0.002328 0.022253 0.214394 2.172871
0.002433 0.021881 0.215519 2.145302
0.002429 0.022516 0.215576 2.163517
0.002390 0.025090 0.216988 2.176939
0.002344 0.023041 0.215648 2.179512
0.002390 0.022149 0.222709 2.180851
0.002355 0.022103 0.215575 2.193408
0.002280 0.022583 0.218271 2.195507
0.002396 0.022126 0.213463 2.192953
0.002393 0.023116 0.217689 2.157847
0.002364 0.022255 0.212144 2.146927
0.002345 0.022440 0.213339 2.159880
0.002408 0.021902 0.214108 2.168040
0.002346 0.022127 0.214137 2.138962
0.002329 0.022393 0.214018 2.168752
0.002369 0.022264 0.214891 2.174753
0.002340 0.021868 0.214445 2.162941
0.002357 0.021741 0.213384 2.136261
0.002367 0.022087 0.214289 2.144163
0.002529 0.021717 0.215216 2.137441
0.002337 0.022150 0.213429 2.136039
0.002599 0.022100 0.213324 2.134127
0.002332 0.022097 0.217312 2.137598
0.002375 0.022280 0.218363 2.124495
0.002369 0.022006 0.213390 2.121450
0.002378 0.022153 0.212088 2.136760
0.002391 0.022100 0.213867 2.139014
0.002344 0.021999 0.211991 2.137742
0.002295 0.022419 0.214264 2.140127
0.002342 0.022610 0.214931 2.167022
0.002389 0.022147 0.213954 2.225663
0.002382 0.022433 0.212898 2.197923
0.002305 0.022357 0.219530 2.170931
0.002299 0.024521 0.221879 2.177275
0.002304 0.022150 0.213083 2.199626
0.002414 0.022923 0.217372 2.168024
0.002372 0.022680 0.216399 2.189243
0.002347 0.022831 0.214775 2.171511
0.002354 0.023132 0.215672 2.164635
0.002303 0.022500 0.213887 2.211465
0.002341 0.022611 0.216550 2.257220
0.002327 0.022532 0.213815 2.298647
0.002314 0.022645 0.213594 2.221017
0.002382 0.022310 0.215666 2.264945
0.002359 0.022221 0.215565 2.172177
0.002306 0.022725 0.216932 2.191708
0.002354 0.022155 0.213480 2.163224
0.002367 0.025025 0.213360 2.126281
0.002314 0.022609 0.213173 2.245849
0.002358 0.022847 0.215278 2.175212
0.002286 0.022163 0.214595 2.132369
0.002299 0.022282 0.216604 2.188050
0.002337 0.022152 0.212903 2.290661
0.002399 0.022228 0.213212 2.158708
0.002299 0.022025 0.213666 2.181540
0.002368 0.022013 0.212295 2.167546
0.002363 0.021597 0.214252 2.192390
0.002394 0.022113 0.211749 2.213535
0.002366 0.021921 0.214896 2.188972
0.002349 0.021985 0.214425 2.135580
0.002373 0.022039 0.212177 2.150315
0.002354 0.022140 0.216500 2.137260
0.002308 0.022171 0.212727 2.122812
0.002332 0.022142 0.214083 2.141497
0.002361 0.022137 0.212079 2.131450
0.002407 0.021824 0.213436 2.216652
0.002305 0.022839 0.213209 2.163277
0.002346 0.022181 0.216061 2.198763
0.002280 0.022511 0.215140 2.167265
0.002429 0.023181 0.214427 2.216950
0.002259 0.024440 0.218851 2.227026
0.002320 0.025209 0.214399 2.279558
